P,
9 
114 ; 119 ; 126 ; 133 ; 133 ; 133 ; 126 ; 119 ; 114 ;  
 66 ;  66 ;  67 ;  69 ;  69 ;  69 ;  67 ;  66 ;  66 ;  
0 ; 0 ; 0 ; 0 ; 0 ; 0 ; 0 ; 0 ; 0 ;  
P,
9 
114 ; 119 ; 126 ; 133 ; 133 ; 133 ; 126 ; 119 ; 114 ;  
 66 ;  66 ;  67 ;  69 ;  69 ;  69 ;  67 ;  66 ;  66 ;  
0 ; 0 ; 0 ; 0 ; 0 ; 0 ; 0 ; 0 ; 0 ;  
P,
9 
114 ; 119 ; 126 ; 133 ; 133 ; 133 ; 126 ; 119 ; 114 ;  
 66 ;  66 ;  67 ;  69 ;  69 ;  69 ;  67 ;  66 ;  66 ;  
0 ; 0 ; 0 ; 0 ; 0 ; 0 ; 0 ; 0 ; 0 ;  
P,
11 
114 ; 116 ; 119 ; 119 ; 114 ; 122 ; 122 ; 122 ; 119 ; 116 ; 114 ;  
 66 ;  64 ;  61 ;  61 ;  66 ;  58 ;  58 ;  58 ;  61 ;  64 ;  66 ;  
0 ; 0 ; 0 ; 0 ; 0 ; 0 ; 0 ; 0 ; 0 ; 0 ; 0 ;  
P,
11 
114 ; 116 ; 119 ; 119 ; 114 ; 122 ; 122 ; 122 ; 119 ; 116 ; 114 ;  
 66 ;  64 ;  61 ;  61 ;  66 ;  58 ;  58 ;  58 ;  61 ;  64 ;  66 ;  
0 ; 0 ; 0 ; 0 ; 0 ; 0 ; 0 ; 0 ; 0 ; 0 ; 0 ;  
P,
9 
114 ; 119 ; 126 ; 133 ; 133 ; 133 ; 126 ; 119 ; 114 ;  
 66 ;  66 ;  67 ;  69 ;  69 ;  69 ;  67 ;  66 ;  66 ;  
0 ; 0 ; 0 ; 0 ; 0 ; 0 ; 0 ; 0 ; 0 ;  
P,
9 
114 ; 119 ; 126 ; 133 ; 133 ; 133 ; 126 ; 119 ; 114 ;  
 66 ;  66 ;  67 ;  69 ;  69 ;  69 ;  67 ;  66 ;  66 ;  
0 ; 0 ; 0 ; 0 ; 0 ; 0 ; 0 ; 0 ; 0 ;  
P,
11 
114 ; 116 ; 119 ; 119 ; 114 ; 122 ; 122 ; 122 ; 119 ; 116 ; 114 ;  
 66 ;  64 ;  61 ;  61 ;  66 ;  58 ;  58 ;  58 ;  61 ;  64 ;  66 ;  
0 ; 0 ; 0 ; 0 ; 0 ; 0 ; 0 ; 0 ; 0 ; 0 ; 0 ;  
